[[0, 0.0, 0.0, 0.0], [1, 0.27922934240039265, 0.0, 3.7260566413250147], [2, 1.1106797014316436, 0.0, 7.3688788612929343], [3, 2.4757781941693424, 0.0, 10.8470932531136], [4, 4.3440306330778755, 0.0, 14.083001438357332], [5, 6.673703076282635, 0.0, 17.004318306352278], [6, 9.4127550232122843, 0.0, 19.545787117269182], [7, 12.500000107852429, 0.0, 21.650635156879591], [8, 15.866474513121261, 0.0, 23.271843764096911], [9, 19.436976709467068, 0.0, 24.373197817869279], [10, 23.131747789320428, 0.0, 24.930094939195289], [11, 26.868252325300848, 0.0, 24.93009493060562], [12, 30.563022619716868, 0.0, 24.373197970978666], [13, 34.133525627642477, 0.0, 23.271843708851222], [14, 37.499999880075414, 0.0, 21.650635163849461], [15, 40.587245037889375, 0.0, 19.545787068542239], [16, 43.326296800572486, 0.0, 17.004318439070882], [17, 45.655969843157649, 0.0, 14.083000739848087], [18, 47.524221879159882, 0.0, 10.847093100843889], [19, 48.889320171414816, 0.0, 7.3688792735146249], [20, 49.720770666421323, 0.0, 3.7260565827967755], [21, 50.0, 0.0, -1.9626788699196975e-15]]
[[1, [0.0, 1.0, 0.0]], [2, [2.2988506463091213e-09, 0.0, 1.0]]]
[['ElasticTimoshenkoBeam', 0, [0, 1], 0.035199999999999995, 210000000.0, 80769230.769230768, 0.0, 0.077577813333333315, 0.00021397333333333338, 1, 2.7631999999999994, 0.019199999999999998, 0.019199999999999998, [[0.0, 1.0, 0.0], [-0.99720379720094932, 0.0, 0.074730093322622468], [0.074730093322622468, 0.0, 0.99720379720094932]], ['doubleT', 0.40000000000000002, 0.02, 0.40000000000000002, 0.02, 1.0, 0.02, 0.50000000000000011], 1, [0, 237, 40, 255]], ['ElasticTimoshenkoBeam', 1, [1, 2], 0.035199999999999995, 210000000.0, 80769230.769230768, 0.0, 0.077577813333333315, 0.00021397333333333338, 1, 2.7631999999999994, 0.019199999999999998, 0.019199999999999998, [[0.0, 1.0, 0.0], [-0.97492791456460293, 0.0, 0.22252092351667563], [0.22252092351667563, 0.0, 0.97492791456460293]], ['doubleT', 0.40000000000000002, 0.02, 0.40000000000000002, 0.02, 1.0, 0.02, 0.50000000000000011], 1, [0, 237, 40, 255]], ['ElasticTimoshenkoBeam', 2, [2, 3], 0.035199999999999995, 210000000.0, 80769230.769230768, 0.0, 0.077577813333333315, 0.00021397333333333338, 1, 2.7631999999999994, 0.019199999999999998, 0.019199999999999998, [[0.0, 1.0, 0.0], [-0.93087375428299357, 0.0, 0.36534100999899366], [0.36534100999899366, 0.0, 0.93087375428299357]], ['doubleT', 0.40000000000000002, 0.02, 0.40000000000000002, 0.02, 1.0, 0.02, 0.50000000000000011], 1, [0, 237, 40, 255]], ['ElasticTimoshenkoBeam', 3, [3, 4], 0.035199999999999995, 210000000.0, 80769230.769230768, 0.0, 0.077577813333333315, 0.00021397333333333338, 1, 2.7631999999999994, 0.019199999999999998, 0.019199999999999998, [[0.0, 1.0, 0.0], [-0.86602540643997405, 0.0, 0.4999999954004779], [0.49999999540047785, 0.0, 0.86602540643997394]], ['doubleT', 0.40000000000000002, 0.02, 0.40000000000000002, 0.02, 1.0, 0.02, 0.50000000000000011], 1, [0, 237, 40, 255]], ['ElasticTimoshenkoBeam', 4, [4, 5], 0.035199999999999995, 210000000.0, 80769230.769230768, 0.0, 0.077577813333333315, 0.00021397333333333338, 1, 2.7631999999999994, 0.019199999999999998, 0.019199999999999998, [[0.0, 1.0, 0.0], [-0.78183148501388933, 0.0, 0.62348979866632692], [0.62348979866632681, 0.0, 0.78183148501388922]], ['doubleT', 0.40000000000000002, 0.02, 0.40000000000000002, 0.02, 1.0, 0.02, 0.50000000000000011], 1, [0, 237, 40, 255]], ['ElasticTimoshenkoBeam', 5, [5, 6], 0.035199999999999995, 210000000.0, 80769230.769230768, 0.0, 0.077577813333333315, 0.00021397333333333338, 1, 2.7631999999999994, 0.019199999999999998, 0.019199999999999998, [[0.0, 1.0, 0.0], [-0.68017273922267063, 0.0, 0.73305187048279807], [0.73305187048279807, 0.0, 0.68017273922267063]], ['doubleT', 0.40000000000000002, 0.02, 0.40000000000000002, 0.02, 1.0, 0.02, 0.50000000000000011], 1, [0, 237, 40, 255]], ['ElasticTimoshenkoBeam', 6, [6, 7], 0.035199999999999995, 210000000.0, 80769230.769230768, 0.0, 0.077577813333333315, 0.00021397333333333338, 1, 2.7631999999999994, 0.019199999999999998, 0.019199999999999998, [[0.0, 1.0, 0.0], [-0.5633200545329039, 0.0, 0.8262387767231979], [0.8262387767231979, 0.0, 0.5633200545329039]], ['doubleT', 0.40000000000000002, 0.02, 0.40000000000000002, 0.02, 1.0, 0.02, 0.50000000000000011], 1, [0, 237, 40, 255]], ['ElasticTimoshenkoBeam', 7, [7, 8], 0.035199999999999995, 210000000.0, 80769230.769230768, 0.0, 0.077577813333333315, 0.00021397333333333338, 1, 2.7631999999999994, 0.019199999999999998, 0.019199999999999998, [[0.0, 1.0, 0.0], [-0.43388373450641832, 0.0, 0.90096887012302695], [0.90096887012302695, 0.0, 0.43388373450641832]], ['doubleT', 0.40000000000000002, 0.02, 0.40000000000000002, 0.02, 1.0, 0.02, 0.50000000000000011], 1, [0, 237, 40, 255]], ['ElasticTimoshenkoBeam', 8, [8, 9], 0.035199999999999995, 210000000.0, 80769230.769230768, 0.0, 0.077577813333333315, 0.00021397333333333338, 1, 2.7631999999999994, 0.019199999999999998, 0.019199999999999998, [[0.0, 1.0, 0.0], [-0.29475517075607038, 0.0, 0.95557280691350777], [0.95557280691350777, 0.0, 0.29475517075607038]], ['doubleT', 0.40000000000000002, 0.02, 0.40000000000000002, 0.02, 1.0, 0.02, 0.50000000000000011], 1, [0, 237, 40, 255]], ['ElasticTimoshenkoBeam', 9, [9, 10], 0.035199999999999995, 210000000.0, 80769230.769230768, 0.0, 0.077577813333333315, 0.00021397333333333338, 1, 2.7631999999999994, 0.019199999999999998, 0.019199999999999998, [[0.0, 1.0, 0.0], [-0.14904226243406599, 0.0, 0.98883082678916079], [0.98883082678916079, 0.0, 0.14904226243406599]], ['doubleT', 0.40000000000000002, 0.02, 0.40000000000000002, 0.02, 1.0, 0.02, 0.50000000000000011], 1, [0, 237, 40, 255]], ['ElasticTimoshenkoBeam', 10, [10, 11], 0.035199999999999995, 210000000.0, 80769230.769230768, 0.0, 0.077577813333333315, 0.00021397333333333338, 2, 2.7631999999999994, 0.019199999999999998, 0.019199999999999998, [[2.2988506463091213e-09, 0.0, 1.0], [0.0, -1.0, 0.0], [1.0, 0.0, -2.2988506463091213e-09]], ['doubleT', 0.40000000000000002, 0.02, 0.40000000000000002, 0.02, 1.0, 0.02, 0.50000000000000011], 1, [0, 237, 40, 255]], ['ElasticTimoshenkoBeam', 11, [11, 12], 0.035199999999999995, 210000000.0, 80769230.769230768, 0.0, 0.077577813333333315, 0.00021397333333333338, 1, 2.7631999999999994, 0.019199999999999998, 0.019199999999999998, [[0.0, 1.0, 0.0], [0.1490422510995987, 0.0, 0.98883082849755666], [0.98883082849755666, 0.0, -0.1490422510995987]], ['doubleT', 0.40000000000000002, 0.02, 0.40000000000000002, 0.02, 1.0, 0.02, 0.50000000000000011], 1, [0, 237, 40, 255]], ['ElasticTimoshenkoBeam', 12, [12, 13], 0.035199999999999995, 210000000.0, 80769230.769230768, 0.0, 0.077577813333333315, 0.00021397333333333338, 1, 2.7631999999999994, 0.019199999999999998, 0.019199999999999998, [[0.0, 1.0, 0.0], [0.29475516049607486, 0.0, 0.95557281007829697], [0.95557281007829697, 0.0, -0.29475516049607486]], ['doubleT', 0.40000000000000002, 0.02, 0.40000000000000002, 0.02, 1.0, 0.02, 0.50000000000000011], 1, [0, 237, 40, 255]], ['ElasticTimoshenkoBeam', 13, [13, 14], 0.035199999999999995, 210000000.0, 80769230.769230768, 0.0, 0.077577813333333315, 0.00021397333333333338, 1, 2.7631999999999994, 0.019199999999999998, 0.019199999999999998, [[0.0, 1.0, 0.0], [0.43388373698006627, 0.0, 0.90096886893178096], [0.90096886893178096, 0.0, -0.43388373698006627]], ['doubleT', 0.40000000000000002, 0.02, 0.40000000000000002, 0.02, 1.0, 0.02, 0.50000000000000011], 1, [0, 237, 40, 255]], ['ElasticTimoshenkoBeam', 14, [14, 15], 0.035199999999999995, 210000000.0, 80769230.769230768, 0.0, 0.077577813333333315, 0.00021397333333333338, 1, 2.7631999999999994, 0.019199999999999998, 0.019199999999999998, [[0.0, 1.0, 0.0], [0.56332005559399678, 0.0, 0.82623877599975681], [0.82623877599975681, 0.0, -0.56332005559399678]], ['doubleT', 0.40000000000000002, 0.02, 0.40000000000000002, 0.02, 1.0, 0.02, 0.50000000000000011], 1, [0, 237, 40, 255]], ['ElasticTimoshenkoBeam', 15, [15, 16], 0.035199999999999995, 210000000.0, 80769230.769230768, 0.0, 0.077577813333333315, 0.00021397333333333338, 1, 2.7631999999999994, 0.019199999999999998, 0.019199999999999998, [[0.0, 1.0, 0.0], [0.68017273771408904, 0.0, 0.73305187188255727], [0.73305187188255716, 0.0, -0.68017273771408893]], ['doubleT', 0.40000000000000002, 0.02, 0.40000000000000002, 0.02, 1.0, 0.02, 0.50000000000000011], 1, [0, 237, 40, 255]], ['ElasticTimoshenkoBeam', 16, [16, 17], 0.035199999999999995, 210000000.0, 80769230.769230768, 0.0, 0.077577813333333315, 0.00021397333333333338, 1, 2.7631999999999994, 0.019199999999999998, 0.019199999999999998, [[0.0, 1.0, 0.0], [0.78183149329830826, 0.0, 0.62348978827799362], [0.62348978827799362, 0.0, -0.78183149329830826]], ['doubleT', 0.40000000000000002, 0.02, 0.40000000000000002, 0.02, 1.0, 0.02, 0.50000000000000011], 1, [0, 237, 40, 255]], ['ElasticTimoshenkoBeam', 17, [17, 18], 0.035199999999999995, 210000000.0, 80769230.769230768, 0.0, 0.077577813333333315, 0.00021397333333333338, 1, 2.7631999999999994, 0.019199999999999998, 0.019199999999999998, [[0.0, 1.0, 0.0], [0.86602541658412502, 0.0, 0.49999997783029215], [0.49999997783029215, 0.0, -0.86602541658412502]], ['doubleT', 0.40000000000000002, 0.02, 0.40000000000000002, 0.02, 1.0, 0.02, 0.50000000000000011], 1, [0, 237, 40, 255]], ['ElasticTimoshenkoBeam', 18, [18, 19], 0.035199999999999995, 210000000.0, 80769230.769230768, 0.0, 0.077577813333333315, 0.00021397333333333338, 1, 2.7631999999999994, 0.019199999999999998, 0.019199999999999998, [[0.0, 1.0, 0.0], [0.93087375236582615, 0.0, 0.36534101488385695], [0.36534101488385695, 0.0, -0.93087375236582615]], ['doubleT', 0.40000000000000002, 0.02, 0.40000000000000002, 0.02, 1.0, 0.02, 0.50000000000000011], 1, [0, 237, 40, 255]], ['ElasticTimoshenkoBeam', 19, [19, 20], 0.035199999999999995, 210000000.0, 80769230.769230768, 0.0, 0.077577813333333315, 0.00021397333333333338, 1, 2.7631999999999994, 0.019199999999999998, 0.019199999999999998, [[0.0, 1.0, 0.0], [0.97492791290816772, 0.0, 0.22252093077399282], [0.22252093077399282, 0.0, -0.97492791290816772]], ['doubleT', 0.40000000000000002, 0.02, 0.40000000000000002, 0.02, 1.0, 0.02, 0.50000000000000011], 1, [0, 237, 40, 255]], ['ElasticTimoshenkoBeam', 20, [20, 21], 0.035199999999999995, 210000000.0, 80769230.769230768, 0.0, 0.077577813333333315, 0.00021397333333333338, 1, 2.7631999999999994, 0.019199999999999998, 0.019199999999999998, [[0.0, 1.0, 0.0], [0.99720379728941377, 0.0, 0.074730092142146792], [0.074730092142146792, 0.0, -0.99720379728941377]], ['doubleT', 0.40000000000000002, 0.02, 0.40000000000000002, 0.02, 1.0, 0.02, 0.50000000000000011], 1, [0, 237, 40, 255]]]
[[0, 1, 1, 1, 1, 1, 1], [21, 1, 1, 1, 1, 1, 1]]
[[1, [-30.0, 0.0, -300.0, 0.0, 0.0, 0.0], 'pointLoad'], [2, [-30.0, 0.0, -300.0, 0.0, 0.0, 0.0], 'pointLoad'], [3, [-30.0, 0.0, -300.0, 0.0, 0.0, 0.0], 'pointLoad'], [4, [-30.0, 0.0, -300.0, 0.0, 0.0, 0.0], 'pointLoad'], [5, [-30.0, 0.0, -300.0, 0.0, 0.0, 0.0], 'pointLoad'], [6, [-30.0, 0.0, -300.0, 0.0, 0.0, 0.0], 'pointLoad'], [7, [-30.0, 0.0, -300.0, 0.0, 0.0, 0.0], 'pointLoad'], [8, [-30.0, 0.0, -300.0, 0.0, 0.0, 0.0], 'pointLoad'], [9, [-30.0, 0.0, -300.0, 0.0, 0.0, 0.0], 'pointLoad'], [10, [-30.0, 0.0, -300.0, 0.0, 0.0, 0.0], 'pointLoad'], [11, [-30.0, 0.0, -300.0, 0.0, 0.0, 0.0], 'pointLoad'], [12, [-30.0, 0.0, -300.0, 0.0, 0.0, 0.0], 'pointLoad'], [13, [-30.0, 0.0, -300.0, 0.0, 0.0, 0.0], 'pointLoad'], [14, [-30.0, 0.0, -300.0, 0.0, 0.0, 0.0], 'pointLoad'], [15, [-30.0, 0.0, -300.0, 0.0, 0.0, 0.0], 'pointLoad'], [16, [-30.0, 0.0, -300.0, 0.0, 0.0, 0.0], 'pointLoad'], [17, [-30.0, 0.0, -300.0, 0.0, 0.0, 0.0], 'pointLoad'], [18, [-30.0, 0.0, -300.0, 0.0, 0.0, 0.0], 'pointLoad'], [19, [-30.0, 0.0, -300.0, 0.0, 0.0, 0.0], 'pointLoad'], [20, [-30.0, 0.0, -300.0, 0.0, 0.0, 0.0], 'pointLoad']]
[]
[]
[['Concrete_uniaxialMaterial_Elastic', [1, [210000000.0, 80769230.769230768, 0.29999999999999999, 78.5, 23.5, 'Elastic']]]]
[]
[]
[]
