[[[0.0, 0.0, 0.0], [0.0, 0.0, 0.0, 0.0, 0.0, 0.0]], [[8.059559869174612, 0.0, 10.532717117177725], [0.0, 0.0, 0.0, 0.0, 0.0, 0.0]], [[18.57784916092898, 0.0, 18.510599350667736], [0.0, 0.0, 0.0, 0.0, 0.0, 0.0]], [[31.422151294578594, 0.0, 18.510599146653714], [0.0, 0.0, 0.0, 0.0, 0.0, 0.0]], [[41.94043992463245, 0.0, 10.532717335233396], [0.0, 0.0, 0.0, 0.0, 0.0, 0.0]], [[50.0, 0.0, 0.0], [0.0, 0.0, 0.0, 0.0, 0.0, 0.0]]]
[[0, [0.0, 0.0, 0.0, 0.0, 0.0, 0.0]], [5, [0.0, 0.0, 0.0, 0.0, 0.0, 0.0]]]
[[1, [1, 2], ['ElasticTimoshenkoBeam', 210000000.0, 80769230.76923077, 0.035199999999999995, 0.0192, 0.0192, 0.0, 0.07757781333333331, 0.00021397333333333338, [[0.0, 1.0, 0.0], [-0.7941711814082724, 0.0, 0.6076941127085147], [0.6076941127085147, 0.0, 0.7941711814082724]], ['doubleT', 0.4, 0.02, 0.4, 0.02, 1.0, 0.02, 0.5000000000000001], 1, [0, 237, 40, 255]]], [2, [2, 3], ['ElasticTimoshenkoBeam', 210000000.0, 80769230.76923077, 0.035199999999999995, 0.0192, 0.0192, 0.0, 0.07757781333333331, 0.00021397333333333338, [[0.0, 1.0, 0.0], [-0.604313896797809, 0.0, 0.7967463298547708], [0.7967463298547708, 0.0, 0.604313896797809]], ['doubleT', 0.4, 0.02, 0.4, 0.02, 1.0, 0.02, 0.5000000000000001], 1, [0, 237, 40, 255]]], [3, [3, 4], ['ElasticTimoshenkoBeam', 210000000.0, 80769230.76923077, 0.035199999999999995, 0.0192, 0.0192, 0.0, 0.07757781333333331, 0.00021397333333333338, [[0.0, 1.0, 0.0], [1.5883620577709693e-08, 0.0, 1.0], [1.0, 0.0, -1.5883620577709693e-08]], ['doubleT', 0.4, 0.02, 0.4, 0.02, 1.0, 0.02, 0.5000000000000001], 1, [0, 237, 40, 255]]], [4, [4, 5], ['ElasticTimoshenkoBeam', 210000000.0, 80769230.76923077, 0.035199999999999995, 0.0192, 0.0192, 0.0, 0.07757781333333331, 0.00021397333333333338, [[0.0, 1.0, 0.0], [0.6043139006357633, 0.0, 0.7967463269437699], [0.7967463269437699, 0.0, -0.6043139006357633]], ['doubleT', 0.4, 0.02, 0.4, 0.02, 1.0, 0.02, 0.5000000000000001], 1, [0, 237, 40, 255]]], [5, [5, 6], ['ElasticTimoshenkoBeam', 210000000.0, 80769230.76923077, 0.035199999999999995, 0.0192, 0.0192, 0.0, 0.07757781333333331, 0.00021397333333333338, [[0.0, 1.0, 0.0], [0.7941711799767824, 0.0, 0.6076941145792717], [0.6076941145792717, 0.0, -0.7941711799767824]], ['doubleT', 0.4, 0.02, 0.4, 0.02, 1.0, 0.02, 0.5000000000000001], 1, [0, 237, 40, 255]]]]
[]
[[1, [0.0, 0.0, 0.0, 0.0, 0.0, 0.0, 0.0, 0.0, 0.0, 0.0, 0.0, 0.0]], [2, [0.0, 0.0, 0.0, 0.0, 0.0, 0.0, 0.0, 0.0, 0.0, 0.0, 0.0, 0.0]], [3, [0.0, 0.0, 0.0, 0.0, 0.0, 0.0, 0.0, 0.0, 0.0, 0.0, 0.0, 0.0]], [4, [0.0, 0.0, 0.0, 0.0, 0.0, 0.0, 0.0, 0.0, 0.0, 0.0, 0.0, 0.0]], [5, [0.0, 0.0, 0.0, 0.0, 0.0, 0.0, 0.0, 0.0, 0.0, 0.0, 0.0, 0.0]]]
