[[0, 0.0, 0.0, 0.0], [1, 8.0595598691746115, 0.0, 10.532717117177725], [2, 18.577849160928981, 0.0, 18.510599350667736], [3, 31.422151294578594, 0.0, 18.510599146653714], [4, 41.94043992463245, 0.0, 10.532717335233396], [5, 50.0, 0.0, 0.0]]
[[1, [0.0, 1.0, 0.0]]]
[['ElasticTimoshenkoBeam', 0, [0, 1], 0.035199999999999995, 210000000.0, 80769230.769230768, 0.0, 0.077577813333333315, 0.00021397333333333338, 1, 2.7631999999999994, 0.019199999999999998, 0.019199999999999998, [[0.0, 1.0, 0.0], [-0.79417118140827236, 0.0, 0.6076941127085147], [0.6076941127085147, 0.0, 0.79417118140827236]], ['doubleT', 0.40000000000000002, 0.02, 0.40000000000000002, 0.02, 1.0, 0.02, 0.50000000000000011], 1, [0, 237, 40, 255]], ['ElasticTimoshenkoBeam', 1, [1, 2], 0.035199999999999995, 210000000.0, 80769230.769230768, 0.0, 0.077577813333333315, 0.00021397333333333338, 1, 2.7631999999999994, 0.019199999999999998, 0.019199999999999998, [[0.0, 1.0, 0.0], [-0.604313896797809, 0.0, 0.79674632985477079], [0.79674632985477079, 0.0, 0.604313896797809]], ['doubleT', 0.40000000000000002, 0.02, 0.40000000000000002, 0.02, 1.0, 0.02, 0.50000000000000011], 1, [0, 237, 40, 255]], ['ElasticTimoshenkoBeam', 2, [2, 3], 0.035199999999999995, 210000000.0, 80769230.769230768, 0.0, 0.077577813333333315, 0.00021397333333333338, 1, 2.7631999999999994, 0.019199999999999998, 0.019199999999999998, [[0.0, 1.0, 0.0], [1.5883620577709693e-08, 0.0, 1.0], [1.0, 0.0, -1.5883620577709693e-08]], ['doubleT', 0.40000000000000002, 0.02, 0.40000000000000002, 0.02, 1.0, 0.02, 0.50000000000000011], 1, [0, 237, 40, 255]], ['ElasticTimoshenkoBeam', 3, [3, 4], 0.035199999999999995, 210000000.0, 80769230.769230768, 0.0, 0.077577813333333315, 0.00021397333333333338, 1, 2.7631999999999994, 0.019199999999999998, 0.019199999999999998, [[0.0, 1.0, 0.0], [0.60431390063576329, 0.0, 0.7967463269437699], [0.7967463269437699, 0.0, -0.60431390063576329]], ['doubleT', 0.40000000000000002, 0.02, 0.40000000000000002, 0.02, 1.0, 0.02, 0.50000000000000011], 1, [0, 237, 40, 255]], ['ElasticTimoshenkoBeam', 4, [4, 5], 0.035199999999999995, 210000000.0, 80769230.769230768, 0.0, 0.077577813333333315, 0.00021397333333333338, 1, 2.7631999999999994, 0.019199999999999998, 0.019199999999999998, [[0.0, 1.0, 0.0], [0.79417117997678244, 0.0, 0.60769411457927169], [0.60769411457927169, 0.0, -0.79417117997678244]], ['doubleT', 0.40000000000000002, 0.02, 0.40000000000000002, 0.02, 1.0, 0.02, 0.50000000000000011], 1, [0, 237, 40, 255]]]
[[0, 1, 1, 1, 1, 1, 1], [5, 1, 1, 1, 1, 1, 1]]
[[1, [-30.0, 0.0, -300.0, 0.0, 0.0, 0.0], 'pointLoad'], [2, [-30.0, 0.0, -300.0, 0.0, 0.0, 0.0], 'pointLoad'], [3, [-30.0, 0.0, -300.0, 0.0, 0.0, 0.0], 'pointLoad'], [4, [-30.0, 0.0, -300.0, 0.0, 0.0, 0.0], 'pointLoad']]
[]
[]
[['Concrete_uniaxialMaterial_Elastic', [1, [210000000.0, 80769230.769230768, 0.29999999999999999, 78.5, 23.5, 'Elastic']]]]
[]
[]
[]
