[[0, 6.1911595689475192, 7.8374275744366884, 0.0], [1, 6.1911595689475192, 7.8374275744366884, 30.0], [2, 7.8408350497072323, 8.2856544585854799, 30.0], [3, 9.4997468771153741, 8.6983318867711397, 30.0], [4, 11.16893278717013, 9.0671670793391996, 30.0], [5, 12.849176674483257, 9.3816409664292593, 30.000000000000007], [6, 14.540622286331772, 9.6285390544947163, 30.0], [7, 16.242118765281109, 9.7916767993039784, 30.0], [8, 17.950246765938086, 9.852253900565394, 30.000000000000011], [9, 19.658220510182385, 9.79055903951161, 30.0], [10, 21.355362630136412, 9.5896956165254998, 30.0], [11, 23.028334275804063, 9.2408797211368867, 30.000000000000011], [12, 24.664633196037066, 8.7477126792025199, 30.0], [13, 26.256718953740332, 8.1261292052731928, 30.0], [14, 27.80393961197634, 7.3997169901795843, 30.0], [15, 29.311345079576533, 6.5936977872771481, 30.000000000000011], [16, 30.786975389081988, 5.7307395053837817, 30.0], [17, 30.786975389081981, 5.7307395053837826, 0.0], [18, 47.547729920724102, -3.3019615633111874, 0.0], [19, 47.547729920724102, -3.3019615633111874, 29.999999999999996], [20, 80.699523433606743, 8.4811102930481344, 0.0], [21, 80.699523433606743, 8.4811102930481344, 30.000000000000004], [22, 109.11080208333331, 11.966614583333339, 0.0], [23, 109.11080208333331, 11.966614583333339, 30.0], [24, 133.71782291666665, -2.5828020833333341, 0.0], [25, 133.71782291666665, -2.5828020833333341, 30.0], [26, 170.48174999999992, 6.876749999999979, 0.0], [27, 170.48174999999992, 6.876749999999979, 29.999999999999996], [28, 240.0, 39.0, 0.0], [29, 240.0, 39.0, 30.0], [30, 31.871029052218557, 5.0625046213750062, 30.0], [31, 32.947198082237215, 4.3816281558099703, 30.0], [32, 34.019668640713903, 3.6949347286948946, 29.999999999999996], [33, 35.09200025777811, 3.0080240671528715, 30.0], [34, 36.167273469983691, 2.3257309128139991, 30.0], [35, 37.248197202412314, 1.6524319517561796, 30.0], [36, 38.337183069566962, 0.99226132658284438, 30.0], [37, 39.436392874742737, 0.34926950527113754, 30.0], [38, 40.547762571354568, -0.27245400852499801, 30.0], [39, 41.673005185514036, -0.86868325485403775, 29.999999999999993], [40, 42.813594241511602, -1.4349788606506395, 29.999999999999989], [41, 43.970724578933542, -1.966629228717143, 30.0], [42, 45.145253249708965, -2.458614643703898, 29.999999999999996], [43, 46.337616484667045, -2.9055990284414048, 30.0], [44, 49.912345301881551, -3.8986313735158813, 30.0], [45, 52.325679152257017, -4.2476092575555722, 29.999999999999996], [46, 54.762946331328294, -4.314322682222393, 30.000000000000004], [47, 57.189545007051052, -4.07827434541126, 29.999999999999996], [48, 59.567638796339267, -3.5404220924998193, 30.0], [49, 61.874206747268047, -2.7483310733188642, 30.000000000000004], [50, 64.109446577515797, -1.7719399914193583, 30.000000000000004], [51, 66.282493621841056, -0.66351940873646265, 30.000000000000004], [52, 68.405008345676052, 0.53909102268740405, 29.999999999999996], [53, 70.488779460397723, 1.8077849991423149, 29.999999999999993], [54, 72.544992090471098, 3.1207476041252766, 30.000000000000007], [55, 74.58416971538449, 4.460052775508573, 30.0], [56, 76.616371637796817, 5.8099335067281901, 30.0], [57, 78.651481297327891, 7.1554204105585928, 30.0], [58, 82.420191517892135, 9.5563301989146723, 29.999999999999996], [59, 84.163439524222511, 10.59449201924258, 29.999999999999996], [60, 85.936066756774991, 11.581567581447121, 29.999999999999996], [61, 87.745197396449456, 12.499879712414067, 29.999999999999996], [62, 89.597908481941658, 13.32647479717447, 30.0], [63, 91.500205747701017, 14.030966083834421, 30.0], [64, 93.454506460941957, 14.573743051996342, 30.0], [65, 95.452413857396223, 14.922696693890421, 29.999999999999996], [66, 97.475517928607644, 15.065046925668973, 29.999999999999996], [67, 99.502519615974748, 14.997585173502038, 29.999999999999996], [68, 101.51256318067001, 14.726788667364302, 29.999999999999996], [69, 103.48817689322188, 14.267402298523461, 30.0], [70, 105.41699911355849, 13.639497952562873, 30.000000000000004], [71, 107.29202358291974, 12.865282807909267, 30.0], [72, 110.80245665970679, 11.006797912407732, 30.0], [73, 112.44596277797413, 9.966580373317484, 30.000000000000004], [74, 114.0451761175013, 8.8593984858536547, 29.999999999999996], [75, 115.60457303817944, 7.6967523996849891, 30.0], [76, 117.12892502608486, 6.4884836698711084, 30.000000000000004], [77, 118.62311213769291, 5.2430756972667938, 30.000000000000007], [78, 120.09203248348818, 3.9679427068576403, 30.0], [79, 121.54099207455845, 2.6701523335548996, 30.0], [80, 123.0028405614636, 1.3870647503306601, 29.999999999999996], [81, 124.54604789158732, 0.20402264368794548, 30.000000000000004], [82, 126.21075498659371, -0.79970036024309343, 29.999999999999996], [83, 127.99342764674211, -1.5743842850263228, 29.999999999999996], [84, 129.86158261512452, -2.1120140550167288, 29.999999999999993], [85, 131.77870399353768, -2.436260857660324, 29.999999999999996], [86, 136.26197862286773, -2.5628506927338979, 30.0], [87, 138.798331390454, -2.3587684485898155, 29.999999999999993], [88, 141.31970624621783, -2.0148788349322526, 29.999999999999996], [89, 143.82397877688976, -1.5624585399441822, 30.0], [90, 146.31118991439678, -1.023826454302013, 30.0], [91, 148.7822492212614, -0.415245187446451, 30.0], [92, 151.23836631889739, 0.25116279282334486, 30.0], [93, 153.68079495834803, 0.96615987935038283, 30.0], [94, 156.11072984349619, 1.7225644124924262, 29.999999999999996], [95, 158.529261580731, 2.5146898756473677, 30.0], [96, 160.93737376904247, 3.3379621688017629, 30.0], [97, 163.33594256653365, 4.1886479813330553, 30.0], [98, 165.72574645873055, 5.0636612341369069, 30.0], [99, 168.10747716872561, 5.960421720231734, 30.0], [100, 175.22602005245065, 8.7674230557865958, 30.000000000000011], [101, 179.94617239749343, 10.717556991226537, 30.000000000000011], [102, 184.64525046063619, 12.717958151511638, 30.000000000000007], [103, 189.32574206773072, 14.76148058719853, 30.000000000000014], [104, 193.98970760053686, 16.842454752635096, 30.000000000000011], [105, 198.63886966602084, 18.956301203619439, 30.0], [106, 203.27468528255417, 21.099265213238326, 30.0], [107, 207.89839544581989, 23.268225951561952, 30.0], [108, 212.51106944305712, 25.460560683925227, 30.000000000000014], [109, 217.11363477007848, 27.674042157519406, 30.0], [110, 221.70689950839991, 29.906760616123172, 30.000000000000011], [111, 226.29157398157616, 32.157065902675022, 30.000000000000011], [112, 230.86828686890081, 34.423521949747304, 30.0], [113, 235.43759759988683, 36.70487067798755, 30.000000000000011]]
[[41, [1.2665036236220084e-15, 5.7584445374104208e-16, 1.0]], [21, [8.3094584783648075e-15, -3.0015150290365227e-16, 1.0]], [59, [-7.3312707650161681e-15, 3.9200766782992303e-15, 1.0]], [94, [-3.4174749467194246e-32, 1.3876180114285301e-31, 1.0]], [75, [-3.501509496747607e-15, 1.1653565330109814e-16, 1.0]], [1, [-2.1650796186383002e-30, -3.7012550811898145e-30, 1.0]], [54, [1.475358006585772e-31, -5.4299775735878051e-31, 1.0]], [60, [-2.805988097089261e-15, 2.3387967410499611e-15, 1.0]], [2, [-3.5498740734945531e-30, -5.5220263365470826e-30, 1.0]], [9, [9.8607613152626476e-31, -1.2818989709841442e-30, 1.0]], [73, [-9.8607613152626476e-32, -2.9582283945787943e-31, 1.0]], [27, [-4.0856905494773357e-15, -7.6467648431433884e-16, 1.0]], [91, [-2.8626916752326884e-15, 2.2690958923699698e-15, 1.0]], [6, [4.8936025203392818e-31, -1.0432000592949157e-30, 1.0]], [87, [0.0, 1.3805065841367707e-30, 1.0]], [74, [2.3301005503574095e-30, -3.5078912590833599e-30, 1.0]], [26, [5.0512287444727841e-31, -1.477509398367779e-30, 1.0]], [35, [-1.054844533766575e-31, -4.1803717342739424e-31, 1.0]], [90, [-2.9000060462615861e-15, 2.223181030361519e-15, 1.0]], [49, [-5.0702341549923705e-15, 2.3295490296199169e-15, 1.0]], [82, [-1.5777218104420236e-30, -5.3248111102418297e-30, 1.0]], [19, [-1.5777218104420236e-30, -3.1554436208840472e-30, 1.0]], [68, [-3.0088520907129784e-15, -1.7918708940143801e-15, 1.0]], [46, [4.8687056770012811e-15, 3.1977021577156464e-15, 1.0]], [7, [4.9976580063615412e-15, -2.4813071398458035e-15, 1.0]], [69, [-1.9721522630525295e-31, 1.1832913578315177e-30, 1.0]], [79, [-2.9131429427433412e-15, 7.9739202957816669e-17, 1.0]], [86, [1.5238935163254391e-31, 3.9032073170496365e-31, 1.0]], [38, [-1.5955768796612212e-30, 3.1433833046633159e-30, 1.0]], [33, [2.6999642445070178e-31, 9.3818309538935455e-31, 1.0]], [55, [-2.5500833060147453e-15, -1.1133771591028702e-15, 1.0]], [29, [-1.1832913578315177e-30, -2.3665827156630354e-30, 1.0]], [43, [1.2467640426873823e-15, 6.174160305417169e-16, 1.0]], [15, [3.4511540012316376e-15, 6.0277706544577035e-16, 1.0]], [76, [-8.1404906062141955e-15, 1.6972986524084168e-15, 1.0]], [62, [-4.9094627488760919e-15, -3.1348611060720624e-15, 1.0]], [81, [2.1709111609156253e-30, -3.8986035017385338e-30, 1.0]], [95, [2.7454914359292814e-15, -2.4097613417839132e-15, 1.0]], [3, [-2.1606479813412476e-30, -3.8622935086472732e-30, 1.0]], [83, [-3.6434479284137357e-15, 2.7533913404547861e-16, 1.0]], [51, [-2.6532873713672559e-15, -8.6901339997730484e-16, 1.0]], [39, [1.2796956877607024e-30, 2.1109247595865902e-30, 1.0]], [84, [7.9615512238567851e-15, -2.3995460839876927e-15, 1.0]], [11, [-3.0867841282310229e-15, 1.9537055286148931e-15, 1.0]], [45, [-7.8886090522101181e-31, -9.8607613152626476e-31, 1.0]], [85, [-4.1545493680022458e-15, -1.4733706002373708e-16, 1.0]], [72, [5.9164567891575885e-31, -1.9721522630525295e-31, 1.0]], [25, [-5.5803425088943861e-31, 1.3108603208684083e-30, 1.0]], [93, [1.7904370628160255e-31, -4.7552707807102725e-31, 1.0]], [53, [-2.5848559185081507e-15, -1.0301094550234246e-15, 1.0]], [66, [-7.8886090522101181e-31, -2.1693674893577825e-30, 1.0]], [13, [-1.251273547876349e-15, -6.0822567525839959e-16, 1.0]], [16, [-2.1182188599083276e-31, 7.8069196534075113e-31, 1.0]], [23, [-3.944304526105059e-31, -1.9721522630525295e-31, 1.0]], [28, [3.6281851773970238e-30, 4.0508034418452556e-30, 1.0]], [34, [-8.0952929016448607e-34, 1.0322932392325793e-31, 1.0]], [32, [-2.9285806753412338e-15, 2.1834741463603378e-15, 1.0]], [80, [-9.8607613152626476e-31, 2.8596207814261678e-30, 1.0]], [5, [5.5899457684168242e-32, -1.5094208760789378e-31, 1.0]], [57, [1.0203885870909297e-31, -4.5116102953668599e-31, 1.0]], [58, [-2.5131237336291812e-15, -1.1944499982573454e-15, 1.0]], [88, [-3.4948388688565777e-15, -2.4590485980908331e-16, 1.0]], [20, [3.1302896087594096e-15, -1.8873852936068899e-15, 1.0]], [4, [2.5341137724318032e-15, 1.4358212091151039e-15, 1.0]], [36, [-3.412077882329595e-15, 7.9340513715147228e-16, 1.0]], [47, [-2.7610131682735413e-30, -4.7331654313260708e-30, 1.0]], [24, [4.1131629827732731e-15, 6.0039298292216447e-16, 1.0]], [77, [4.9303358273940031e-15, -2.6124236475988885e-15, 1.0]], [61, [2.9006949345526158e-15, 2.8216623611800315e-16, 1.0]], [14, [-6.0795879830107836e-31, -1.4723783576824829e-30, 1.0]], [48, [3.0034596728650692e-15, -2.0793824484402341e-15, 1.0]], [52, [2.78341438758892e-15, 2.2396153321474256e-16, 1.0]], [22, [7.1761339059151151e-15, -4.1966501678599111e-15, 1.0]], [56, [2.5076147989059253e-15, 1.2059706937133277e-15, 1.0]], [30, [4.5166214932709663e-31, -1.0932142221464413e-30, 1.0]], [31, [2.7584986366224419e-15, -2.394583631184993e-15, 1.0]], [71, [-3.1984817211207843e-15, -1.4270164895526858e-15, 1.0]], [65, [-3.7572160124485368e-31, 1.3528079420529113e-30, 1.0]], [12, [7.5868249607949476e-32, 1.6159546970517085e-31, 1.0]], [10, [-7.261041170773108e-30, -1.1335162570844124e-29, 1.0]], [63, [-3.944304526105059e-31, 5.9164567891575885e-31, 1.0]], [64, [-5.9164567891575885e-31, 3.944304526105059e-31, 1.0]], [40, [2.6658085445037174e-15, 8.2982868383671391e-16, 1.0]], [50, [6.9261872459826154e-32, 5.1411069885002841e-31, 1.0]], [44, [2.4857303190937016e-15, 1.2504536079118787e-15, 1.0]], [67, [-2.7666116102040053e-15, -3.7733738622746817e-16, 1.0]], [70, [2.8839332135103357e-15, -4.1702846475469727e-16, 1.0]], [37, [-4.6117642174140671e-30, -8.1281272558231093e-30, 1.0]], [17, [1.0, 0.0, 0.0]], [18, [0.0, 0.0, 1.0]], [92, [-1.8938871635035828e-30, 5.3399487677263586e-30, 1.0]], [8, [-1.8221690240962362e-31, 8.4141275871992641e-31, 1.0]], [42, [-2.4894924322160528e-15, -1.2429446646484067e-15, 1.0]], [78, [2.2265613184885962e-31, -2.3222622379649646e-30, 1.0]], [89, [3.4981173897437756e-31, -1.9363055515518174e-30, 1.0]]]
[['ElasticTimoshenkoBeam', 0, [0, 1], 4.908738521234052, 39000000.0, 15000000.0, 3.834951969714103, 1.9174759848570515, 1.9174759848570515, 17, 122.7184630308513, 4.4178646691106467, 4.4178646691106467, [[1.0, 0.0, 0.0], [0.0, 1.0, 0.0], [0.0, 0.0, 1.0]], ['circular', 2.5, 1.25], 1, [0, 107, 237, 255]], ['ElasticTimoshenkoBeam', 1, [1, 2], 6.9600000000000009, 39000000.0, 15000000.0, 17.66433103448276, 37.695199999999993, 6.5762000000000009, 54, 174.00000000000003, 24.220800000000008, 8.6502857142857152, [[1.475358006585772e-31, -5.4299775735878051e-31, 1.0], [0.26220006071487278, -0.96501353781235466, -5.6268408274326762e-31], [0.96501353781235466, 0.26220006071487278, 0.0]], ['rectangularHollow', 2.5, 7.0, 0.40000000000000002], 1, [0, 237, 40, 255]], ['ElasticTimoshenkoBeam', 2, [2, 3], 6.9600000000000009, 39000000.0, 15000000.0, 17.66433103448276, 37.695199999999993, 6.5762000000000009, 18, 174.00000000000003, 24.220800000000008, 8.6502857142857152, [[0.0, 0.0, 1.0], [0.24140650962106538, -0.97042408106588873, 0.0], [0.97042408106588873, 0.24140650962106538, 0.0]], ['rectangularHollow', 2.5, 7.0, 0.40000000000000002], 1, [0, 237, 40, 255]], ['ElasticTimoshenkoBeam', 3, [3, 4], 6.9600000000000009, 39000000.0, 15000000.0, 17.66433103448276, 37.695199999999993, 6.5762000000000009, 18, 174.00000000000003, 24.220800000000008, 8.6502857142857152, [[0.0, 0.0, 1.0], [0.21576242963521036, -0.97644588890419892, 0.0], [0.97644588890419881, 0.21576242963521033, 0.0]], ['rectangularHollow', 2.5, 7.0, 0.40000000000000002], 1, [0, 237, 40, 255]], ['ElasticTimoshenkoBeam', 4, [4, 5], 6.9600000000000009, 39000000.0, 15000000.0, 17.66433103448276, 37.695199999999993, 6.5762000000000009, 27, 174.00000000000003, 24.220800000000008, 8.6502857142857152, [[-4.0856905494773357e-15, -7.6467648431433884e-16, 1.0], [0.18396536222662932, -0.98293272684392041, -1.1832913578315177e-30], [0.98293272684392041, 0.18396536222662932, 4.1566329392612658e-15]], ['rectangularHollow', 2.5, 7.0, 0.40000000000000002], 1, [0, 237, 40, 255]], ['ElasticTimoshenkoBeam', 5, [5, 6], 6.9600000000000009, 39000000.0, 15000000.0, 17.66433103448276, 37.695199999999993, 6.5762000000000009, 24, 174.00000000000003, 24.220800000000008, 8.6502857142857152, [[4.1131629827732731e-15, 6.0039298292216447e-16, 1.0], [0.14443803299346586, -0.98951384761658523, 1.2818989709841442e-30], [0.98951384761658523, 0.14443803299346586, -4.1567513104344495e-15]], ['rectangularHollow', 2.5, 7.0, 0.40000000000000002], 1, [0, 237, 40, 255]], ['ElasticTimoshenkoBeam', 6, [6, 7], 6.9600000000000009, 39000000.0, 15000000.0, 17.66433103448276, 37.695199999999993, 6.5762000000000009, 78, 174.00000000000003, 24.220800000000008, 8.6502857142857152, [[2.2265613184885962e-31, -2.3222622379649646e-30, 1.0], [0.095441297007504269, -0.99543506007450111, -2.3329118403677291e-30], [0.99543506007450111, 0.095441297007504269, 0.0]], ['rectangularHollow', 2.5, 7.0, 0.40000000000000002], 1, [0, 237, 40, 255]], ['ElasticTimoshenkoBeam', 7, [7, 8], 6.9600000000000009, 39000000.0, 15000000.0, 17.66433103448276, 37.695199999999993, 6.5762000000000009, 85, 174.00000000000003, 24.220800000000008, 8.6502857142857152, [[-4.1545493680022458e-15, -1.4733706002373708e-16, 1.0], [0.03544174868806807, -0.99937174387208483, -5.4234187233944562e-31], [0.99937174387208483, 0.03544174868806807, 4.1571611299568727e-15]], ['rectangularHollow', 2.5, 7.0, 0.40000000000000002], 1, [0, 237, 40, 255]], ['ElasticTimoshenkoBeam', 8, [8, 9], 6.9600000000000009, 39000000.0, 15000000.0, 17.66433103448276, 37.695199999999993, 6.5762000000000009, 21, 174.00000000000003, 24.220800000000008, 8.6502857142857152, [[8.3094584783648075e-15, -3.0015150290365227e-16, 1.0], [-0.036098126011553391, -0.99934825026036544, -3.944304526105059e-31], [0.99934825026036544, -0.036098126011553391, -8.3148776977394027e-15]], ['rectangularHollow', 2.5, 7.0, 0.40000000000000002], 1, [0, 237, 40, 255]], ['ElasticTimoshenkoBeam', 9, [9, 10], 6.9600000000000009, 39000000.0, 15000000.0, 17.66433103448276, 37.695199999999993, 6.5762000000000009, 18, 174.00000000000003, 24.220800000000008, 8.6502857142857152, [[0.0, 0.0, 1.0], [-0.11753359810102022, -0.9930689066310695, 0.0], [0.9930689066310695, -0.11753359810102022, 0.0]], ['rectangularHollow', 2.5, 7.0, 0.40000000000000002], 1, [0, 237, 40, 255]], ['ElasticTimoshenkoBeam', 10, [10, 11], 6.9600000000000009, 39000000.0, 15000000.0, 17.66433103448276, 37.695199999999993, 6.5762000000000009, 76, 174.00000000000003, 24.220800000000008, 8.6502857142857152, [[-8.1404906062141955e-15, 1.6972986524084168e-15, 1.0], [-0.20411135562946456, -0.97894767710184716, 1.400228106767296e-29], [0.97894767710184716, -0.20411135562946456, 8.3155522982739396e-15]], ['rectangularHollow', 2.5, 7.0, 0.40000000000000002], 1, [0, 237, 40, 255]], ['ElasticTimoshenkoBeam', 11, [11, 12], 6.9600000000000009, 39000000.0, 15000000.0, 17.66433103448276, 37.695199999999993, 6.5762000000000009, 84, 174.00000000000003, 24.220800000000008, 8.6502857142857152, [[7.9615512238567851e-15, -2.3995460839876927e-15, 1.0], [-0.28857019335131889, -0.95745874245796225, -1.9721522630525295e-30], [0.95745874245796225, -0.28857019335131889, -8.3152943002202968e-15]], ['rectangularHollow', 2.5, 7.0, 0.40000000000000002], 1, [0, 237, 40, 255]], ['ElasticTimoshenkoBeam', 12, [12, 13], 6.9600000000000009, 39000000.0, 15000000.0, 17.66433103448276, 37.695199999999993, 6.5762000000000009, 86, 174.00000000000003, 24.220800000000008, 8.6502857142857152, [[1.5238935163254391e-31, 3.9032073170496365e-31, 1.0], [-0.36368552691778472, -0.93152178584858303, 4.1901406669667468e-31], [0.93152178584858303, -0.36368552691778472, 0.0]], ['rectangularHollow', 2.5, 7.0, 0.40000000000000002], 1, [0, 237, 40, 255]], ['ElasticTimoshenkoBeam', 13, [13, 14], 6.9600000000000009, 39000000.0, 15000000.0, 17.66433103448276, 37.695199999999993, 6.5762000000000009, 12, 174.00000000000003, 24.220800000000008, 8.6502857142857152, [[7.5868249607949476e-32, 1.6159546970517085e-31, 1.0], [-0.42498661547901717, -0.90519963359674982, 1.7851915059121505e-31], [0.90519963359674982, -0.42498661547901717, 0.0]], ['rectangularHollow', 2.5, 7.0, 0.40000000000000002], 1, [0, 237, 40, 255]], ['ElasticTimoshenkoBeam', 14, [14, 15], 6.9600000000000009, 39000000.0, 15000000.0, 17.66433103448276, 37.695199999999993, 6.5762000000000009, 59, 174.00000000000003, 24.220800000000008, 8.6502857142857152, [[-7.3312707650161681e-15, 3.9200766782992303e-15, 1.0], [-0.4715305936210768, -0.88184970333915469, -4.3387349787155649e-30], [0.88184970333915469, -0.4715305936210768, 8.3135150323871005e-15]], ['rectangularHollow', 2.5, 7.0, 0.40000000000000002], 1, [0, 237, 40, 255]], ['ElasticTimoshenkoBeam', 15, [15, 16], 6.9600000000000009, 39000000.0, 15000000.0, 17.66433103448276, 37.695199999999993, 6.5762000000000009, 22, 174.00000000000003, 24.220800000000008, 8.6502857142857152, [[7.1761339059151151e-15, -4.1966501678599111e-15, 1.0], [-0.50481957260295518, -0.86322488328185365, 7.8886090522101181e-31], [0.86322488328185365, -0.50481957260295518, -8.3131684974516862e-15]], ['rectangularHollow', 2.5, 7.0, 0.40000000000000002], 1, [0, 237, 40, 255]], ['ElasticTimoshenkoBeam', 16, [17, 16], 4.908738521234052, 39000000.0, 15000000.0, 3.834951969714103, 1.9174759848570515, 1.9174759848570515, 17, 122.7184630308513, 4.4178646691106467, 4.4178646691106467, [[1.0, 0.0, 0.0], [0.0, 1.0, 0.0], [0.0, 0.0, 1.0]], ['circular', 2.5, 1.25], 1, [0, 107, 237, 255]], ['ElasticTimoshenkoBeam', 17, [18, 19], 4.908738521234052, 39000000.0, 15000000.0, 3.834951969714103, 1.9174759848570515, 1.9174759848570515, 17, 122.7184630308513, 4.4178646691106467, 4.4178646691106467, [[1.0, 0.0, 0.0], [0.0, 1.0, 0.0], [0.0, 0.0, 1.0]], ['circular', 2.5, 1.25], 1, [0, 107, 237, 255]], ['ElasticTimoshenkoBeam', 18, [20, 21], 4.908738521234052, 39000000.0, 15000000.0, 3.834951969714103, 1.9174759848570515, 1.9174759848570515, 17, 122.7184630308513, 4.4178646691106467, 4.4178646691106467, [[1.0, 0.0, 0.0], [0.0, 1.0, 0.0], [0.0, 0.0, 1.0]], ['circular', 2.5, 1.25], 1, [0, 107, 237, 255]], ['ElasticTimoshenkoBeam', 19, [22, 23], 4.908738521234052, 39000000.0, 15000000.0, 3.834951969714103, 1.9174759848570515, 1.9174759848570515, 17, 122.7184630308513, 4.4178646691106467, 4.4178646691106467, [[1.0, 0.0, 0.0], [0.0, 1.0, 0.0], [0.0, 0.0, 1.0]], ['circular', 2.5, 1.25], 1, [0, 107, 237, 255]], ['ElasticTimoshenkoBeam', 20, [24, 25], 4.908738521234052, 39000000.0, 15000000.0, 3.834951969714103, 1.9174759848570515, 1.9174759848570515, 17, 122.7184630308513, 4.4178646691106467, 4.4178646691106467, [[1.0, 0.0, 0.0], [0.0, 1.0, 0.0], [0.0, 0.0, 1.0]], ['circular', 2.5, 1.25], 1, [0, 107, 237, 255]], ['ElasticTimoshenkoBeam', 21, [26, 27], 4.908738521234052, 39000000.0, 15000000.0, 3.834951969714103, 1.9174759848570515, 1.9174759848570515, 17, 122.7184630308513, 4.4178646691106467, 4.4178646691106467, [[1.0, 0.0, 0.0], [0.0, 1.0, 0.0], [0.0, 0.0, 1.0]], ['circular', 2.5, 1.25], 1, [0, 107, 237, 255]], ['ElasticTimoshenkoBeam', 22, [28, 29], 4.908738521234052, 39000000.0, 15000000.0, 3.834951969714103, 1.9174759848570515, 1.9174759848570515, 17, 122.7184630308513, 4.4178646691106467, 4.4178646691106467, [[1.0, 0.0, 0.0], [0.0, 1.0, 0.0], [0.0, 0.0, 1.0]], ['circular', 2.5, 1.25], 1, [0, 107, 237, 255]], ['ElasticTimoshenkoBeam', 23, [16, 30], 6.9600000000000009, 39000000.0, 15000000.0, 17.66433103448276, 37.695199999999993, 6.5762000000000009, 18, 174.00000000000003, 24.220800000000008, 8.6502857142857152, [[0.0, 0.0, 1.0], [-0.52473800362775014, -0.85126378258960567, 0.0], [0.85126378258960567, -0.52473800362775014, 0.0]], ['rectangularHollow', 2.5, 7.0, 0.40000000000000002], 1, [0, 237, 40, 255]], ['ElasticTimoshenkoBeam', 24, [30, 31], 6.9600000000000009, 39000000.0, 15000000.0, 17.66433103448276, 37.695199999999993, 6.5762000000000009, 18, 174.00000000000003, 24.220800000000008, 8.6502857142857152, [[0.0, 0.0, 1.0], [-0.53466124741059562, -0.84506647698115789, 0.0], [0.84506647698115789, -0.53466124741059562, 0.0]], ['rectangularHollow', 2.5, 7.0, 0.40000000000000002], 1, [0, 237, 40, 255]], ['ElasticTimoshenkoBeam', 25, [31, 32], 6.9600000000000009, 39000000.0, 15000000.0, 17.66433103448276, 37.695199999999993, 6.5762000000000009, 2, 174.00000000000003, 24.220800000000008, 8.6502857142857152, [[-3.5498740734945531e-30, -5.5220263365470826e-30, 1.0], [-0.53922764244251586, -0.84216004988712578, -6.5646202026827923e-30], [0.84216004988712578, -0.53922764244251586, 0.0]], ['rectangularHollow', 2.5, 7.0, 0.40000000000000002], 1, [0, 237, 40, 255]], ['ElasticTimoshenkoBeam', 26, [32, 33], 6.9600000000000009, 39000000.0, 15000000.0, 17.66433103448276, 37.695199999999993, 6.5762000000000009, 10, 174.00000000000003, 24.220800000000008, 8.6502857142857152, [[-7.261041170773108e-30, -1.1335162570844124e-29, 1.0], [-0.5393981610589661, -0.84205084397927277, -1.3461375464310015e-29], [0.84205084397927277, -0.5393981610589661, 0.0]], ['rectangularHollow', 2.5, 7.0, 0.40000000000000002], 1, [0, 237, 40, 255]], ['ElasticTimoshenkoBeam', 27, [33, 34], 6.9600000000000009, 39000000.0, 15000000.0, 17.66433103448276, 37.695199999999993, 6.5762000000000009, 45, 174.00000000000003, 24.220800000000008, 8.6502857142857152, [[-7.8886090522101181e-31, -9.8607613152626476e-31, 1.0], [-0.53577306647382628, -0.84436202025033846, -1.2552556607477352e-30], [0.84436202025033846, -0.53577306647382628, 0.0]], ['rectangularHollow', 2.5, 7.0, 0.40000000000000002], 1, [0, 237, 40, 255]], ['ElasticTimoshenkoBeam', 28, [34, 35], 6.9600000000000009, 39000000.0, 15000000.0, 17.66433103448276, 37.695199999999993, 6.5762000000000009, 18, 174.00000000000003, 24.220800000000008, 8.6502857142857152, [[0.0, 0.0, 1.0], [-0.52871178322694357, -0.84880141981324786, 0.0], [0.84880141981324786, -0.52871178322694357, 0.0]], ['rectangularHollow', 2.5, 7.0, 0.40000000000000002], 1, [0, 237, 40, 255]], ['ElasticTimoshenkoBeam', 29, [35, 36], 6.9600000000000009, 39000000.0, 15000000.0, 17.66433103448276, 37.695199999999993, 6.5762000000000009, 39, 174.00000000000003, 24.220800000000008, 8.6502857142857152, [[1.2796956877607024e-30, 2.1109247595865902e-30, 1.0], [-0.51840462313155589, -0.85513545518580236, 2.4685267658887236e-30], [0.85513545518580236, -0.51840462313155589, 0.0]], ['rectangularHollow', 2.5, 7.0, 0.40000000000000002], 1, [0, 237, 40, 255]], ['ElasticTimoshenkoBeam', 30, [36, 37], 6.9600000000000009, 39000000.0, 15000000.0, 17.66433103448276, 37.695199999999993, 6.5762000000000009, 1, 174.00000000000003, 24.220800000000008, 8.6502857142857152, [[-2.1650796186383002e-30, -3.7012550811898145e-30, 1.0], [-0.50491712386375864, -0.86316782726718333, -4.2879900805711284e-30], [0.86316782726718333, -0.50491712386375864, 0.0]], ['rectangularHollow', 2.5, 7.0, 0.40000000000000002], 1, [0, 237, 40, 255]], ['ElasticTimoshenkoBeam', 31, [37, 38], 6.9600000000000009, 39000000.0, 15000000.0, 17.66433103448276, 37.695199999999993, 6.5762000000000009, 3, 174.00000000000003, 24.220800000000008, 8.6502857142857152, [[-2.1606479813412476e-30, -3.8622935086472732e-30, 1.0], [-0.48821862916061298, -0.8727213588199455, -4.4255746345771732e-30], [0.87272135881994539, -0.48821862916061293, 0.0]], ['rectangularHollow', 2.5, 7.0, 0.40000000000000002], 1, [0, 237, 40, 255]], ['ElasticTimoshenkoBeam', 32, [38, 39], 6.9600000000000009, 39000000.0, 15000000.0, 17.66433103448276, 37.695199999999993, 6.5762000000000009, 77, 174.00000000000003, 24.220800000000008, 8.6502857142857152, [[4.9303358273940031e-15, -2.6124236475988885e-15, 1.0], [-0.46820208020343179, -0.88362141898732816, -1.1832913578315179e-30], [0.88362141898732804, -0.46820208020343174, -5.579692526064388e-15]], ['rectangularHollow', 2.5, 7.0, 0.40000000000000002], 1, [0, 237, 40, 255]], ['ElasticTimoshenkoBeam', 33, [39, 40], 6.9600000000000009, 39000000.0, 15000000.0, 17.66433103448276, 37.695199999999993, 6.5762000000000009, 7, 174.00000000000003, 24.220800000000008, 8.6502857142857152, [[4.9976580063615412e-15, -2.4813071398458035e-15, 1.0], [-0.44469961817834858, -0.89567976955607909, 7.8886090522101181e-31], [0.89567976955607909, -0.44469961817834858, -5.5797375091306381e-15]], ['rectangularHollow', 2.5, 7.0, 0.40000000000000002], 1, [0, 237, 40, 255]], ['ElasticTimoshenkoBeam', 34, [40, 41], 6.9600000000000009, 39000000.0, 15000000.0, 17.66433103448276, 37.695199999999993, 6.5762000000000009, 49, 174.00000000000003, 24.220800000000008, 8.6502857142857152, [[-5.0702341549923705e-15, 2.3295490296199169e-15, 1.0], [-0.41749750576618622, -0.90867806877849377, -1.1832913578315177e-30], [0.90867806877849377, -0.41749750576618622, 5.5797914896395801e-15]], ['rectangularHollow', 2.5, 7.0, 0.40000000000000002], 1, [0, 237, 40, 255]], ['ElasticTimoshenkoBeam', 35, [41, 42], 6.9600000000000009, 39000000.0, 15000000.0, 17.66433103448276, 37.695199999999993, 6.5762000000000009, 29, 174.00000000000003, 24.220800000000008, 8.6502857142857152, [[-1.1832913578315177e-30, -2.3665827156630354e-30, 1.0], [-0.38635340697593062, -0.92235082529268164, -2.6399881684585784e-30], [0.92235082529268164, -0.38635340697593062, 0.0]], ['rectangularHollow', 2.5, 7.0, 0.40000000000000002], 1, [0, 237, 40, 255]], ['ElasticTimoshenkoBeam', 36, [42, 43], 6.9600000000000009, 39000000.0, 15000000.0, 17.66433103448276, 37.695199999999993, 6.5762000000000009, 82, 174.00000000000003, 24.220800000000008, 8.6502857142857152, [[-1.5777218104420236e-30, -5.3248111102418297e-30, 1.0], [-0.35101890765357807, -0.93636837113909877, -5.5397948924031023e-30], [0.93636837113909877, -0.35101890765357807, 0.0]], ['rectangularHollow', 2.5, 7.0, 0.40000000000000002], 1, [0, 237, 40, 255]], ['ElasticTimoshenkoBeam', 37, [43, 19], 6.9600000000000009, 39000000.0, 15000000.0, 17.66433103448276, 37.695199999999993, 6.5762000000000009, 18, 174.00000000000003, 24.220800000000008, 8.6502857142857152, [[0.0, 0.0, 1.0], [-0.31126987796119771, -0.9503215577235008, 0.0], [0.9503215577235008, -0.31126987796119771, 0.0]], ['rectangularHollow', 2.5, 7.0, 0.40000000000000002], 1, [0, 237, 40, 255]], ['ElasticTimoshenkoBeam', 38, [19, 44], 6.9600000000000009, 39000000.0, 15000000.0, 17.66433103448276, 37.695199999999993, 6.5762000000000009, 35, 174.00000000000003, 24.220800000000008, 8.6502857142857152, [[-1.054844533766575e-31, -4.1803717342739424e-31, 1.0], [-0.24466380861090101, -0.96960797271681309, -4.3114040435957457e-31], [0.96960797271681309, -0.24466380861090101, 0.0]], ['rectangularHollow', 2.5, 7.0, 0.40000000000000002], 1, [0, 237, 40, 255]], ['ElasticTimoshenkoBeam', 39, [44, 45], 6.9600000000000009, 39000000.0, 15000000.0, 17.66433103448276, 37.695199999999993, 6.5762000000000009, 70, 174.00000000000003, 24.220800000000008, 8.6502857142857152, [[2.8839332135103357e-15, -4.1702846475469727e-16, 1.0], [-0.14311550924811192, -0.98970599220811728, 9.8607613152626476e-32], [0.98970599220811728, -0.14311550924811192, -2.9139292236435167e-15]], ['rectangularHollow', 2.5, 7.0, 0.40000000000000002], 1, [0, 237, 40, 255]], ['ElasticTimoshenkoBeam', 40, [45, 46], 6.9600000000000009, 39000000.0, 15000000.0, 17.66433103448276, 37.695199999999993, 6.5762000000000009, 79, 174.00000000000003, 24.220800000000008, 8.6502857142857152, [[-2.9131429427433412e-15, 7.9739202957816669e-17, 1.0], [-0.027361976206544347, -0.99962559103800097, 7.2723114700062035e-31], [0.99962559103800086, -0.027361976206544344, 2.9142340580920544e-15]], ['rectangularHollow', 2.5, 7.0, 0.40000000000000002], 1, [0, 237, 40, 255]], ['ElasticTimoshenkoBeam', 41, [46, 47], 6.9600000000000009, 39000000.0, 15000000.0, 17.66433103448276, 37.695199999999993, 6.5762000000000009, 61, 174.00000000000003, 24.220800000000008, 8.6502857142857152, [[2.9006949345526158e-15, 2.8216623611800315e-16, 1.0], [0.096818398149145501, -0.99530206358664486, 2.9582283945787943e-31], [0.99530206358664486, 0.096818398149145501, -2.9143865371882649e-15]], ['rectangularHollow', 2.5, 7.0, 0.40000000000000002], 1, [0, 237, 40, 255]], ['ElasticTimoshenkoBeam', 42, [47, 48], 6.9600000000000009, 39000000.0, 15000000.0, 17.66433103448276, 37.695199999999993, 6.5762000000000009, 57, 174.00000000000003, 24.220800000000008, 8.6502857142857152, [[1.0203885870909297e-31, -4.5116102953668599e-31, 1.0], [0.22059777175396561, -0.97536486665103195, -4.6255616227573573e-31], [0.97536486665103195, 0.22059777175396561, 0.0]], ['rectangularHollow', 2.5, 7.0, 0.40000000000000002], 1, [0, 237, 40, 255]], ['ElasticTimoshenkoBeam', 43, [48, 49], 6.9600000000000009, 39000000.0, 15000000.0, 17.66433103448276, 37.695199999999993, 6.5762000000000009, 63, 174.00000000000003, 24.220800000000008, 8.6502857142857152, [[-3.944304526105059e-31, 5.9164567891575885e-31, 1.0], [0.32478942476628464, -0.94578635513523124, 6.8767725000691634e-31], [0.94578635513523124, 0.32478942476628464, 0.0]], ['rectangularHollow', 2.5, 7.0, 0.40000000000000002], 1, [0, 237, 40, 255]], ['ElasticTimoshenkoBeam', 44, [49, 50], 6.9600000000000009, 39000000.0, 15000000.0, 17.66433103448276, 37.695199999999993, 6.5762000000000009, 23, 174.00000000000003, 24.220800000000008, 8.6502857142857152, [[-3.944304526105059e-31, -1.9721522630525295e-31, 1.0], [0.40029354086488, -0.91638697128552449, -2.2837501424863392e-32], [0.91638697128552438, 0.40029354086487995, 0.0]], ['rectangularHollow', 2.5, 7.0, 0.40000000000000002], 1, [0, 237, 40, 255]], ['ElasticTimoshenkoBeam', 45, [50, 51], 6.9600000000000009, 39000000.0, 15000000.0, 17.66433103448276, 37.695199999999993, 6.5762000000000009, 80, 174.00000000000003, 24.220800000000008, 8.6502857142857152, [[-9.8607613152626476e-31, 2.8596207814261678e-30, 1.0], [0.45438027692868221, -0.89080781537782538, 2.9954260868269425e-30], [0.89080781537782538, 0.45438027692868221, 0.0]], ['rectangularHollow', 2.5, 7.0, 0.40000000000000002], 1, [0, 237, 40, 255]], ['ElasticTimoshenkoBeam', 46, [51, 52], 6.9600000000000009, 39000000.0, 15000000.0, 17.66433103448276, 37.695199999999993, 6.5762000000000009, 4, 174.00000000000003, 24.220800000000008, 8.6502857142857152, [[2.5341137724318032e-15, 1.4358212091151039e-15, 1.0], [0.49296667719006798, -0.87004819129757593, 5.9164567891575885e-31], [0.87004819129757593, 0.49296667719006798, -2.9126131147430657e-15]], ['rectangularHollow', 2.5, 7.0, 0.40000000000000002], 1, [0, 237, 40, 255]], ['ElasticTimoshenkoBeam', 47, [52, 53], 6.9600000000000009, 39000000.0, 15000000.0, 17.66433103448276, 37.695199999999993, 6.5762000000000009, 64, 174.00000000000003, 24.220800000000008, 8.6502857142857152, [[-5.9164567891575885e-31, 3.944304526105059e-31, 1.0], [0.52004012701116153, -0.85414183031755042, 6.4457904273467345e-31], [0.85414183031755042, 0.52004012701116153, 0.0]], ['rectangularHollow', 2.5, 7.0, 0.40000000000000002], 1, [0, 237, 40, 255]], ['ElasticTimoshenkoBeam', 48, [53, 54], 6.9600000000000009, 39000000.0, 15000000.0, 17.66433103448276, 37.695199999999993, 6.5762000000000009, 62, 174.00000000000003, 24.220800000000008, 8.6502857142857152, [[-4.9094627488760919e-15, -3.1348611060720624e-15, 1.0], [0.53817712035811527, -0.84283176679753025, -4.3387349787155642e-30], [0.84283176679753047, 0.53817712035811538, 5.8249616854504163e-15]], ['rectangularHollow', 2.5, 7.0, 0.40000000000000002], 1, [0, 237, 40, 255]], ['ElasticTimoshenkoBeam', 49, [54, 55], 6.9600000000000009, 39000000.0, 15000000.0, 17.66433103448276, 37.695199999999993, 6.5762000000000009, 46, 174.00000000000003, 24.220800000000008, 8.6502857142857152, [[4.8687056770012811e-15, 3.1977021577156464e-15, 1.0], [0.54897008377542489, -0.83584199889668342, 3.5498740734945538e-30], [0.83584199889668331, 0.54897008377542478, -5.8249115065143952e-15]], ['rectangularHollow', 2.5, 7.0, 0.40000000000000002], 1, [0, 237, 40, 255]], ['ElasticTimoshenkoBeam', 50, [55, 56], 6.9600000000000009, 39000000.0, 15000000.0, 17.66433103448276, 37.695199999999993, 6.5762000000000009, 74, 174.00000000000003, 24.220800000000008, 8.6502857142857152, [[2.3301005503574095e-30, -3.5078912590833599e-30, 1.0], [0.55330310931763638, -0.83297999328881589, -4.2112551169846438e-30], [0.83297999328881589, 0.55330310931763638, 0.0]], ['rectangularHollow', 2.5, 7.0, 0.40000000000000002], 1, [0, 237, 40, 255]], ['ElasticTimoshenkoBeam', 51, [56, 57], 6.9600000000000009, 39000000.0, 15000000.0, 17.66433103448276, 37.695199999999993, 6.5762000000000009, 72, 174.00000000000003, 24.220800000000008, 8.6502857142857152, [[5.9164567891575885e-31, -1.9721522630525295e-31, 1.0], [0.55150287729423098, -0.83417298945493579, -4.9080590915382426e-31], [0.83417298945493568, 0.55150287729423086, 0.0]], ['rectangularHollow', 2.5, 7.0, 0.40000000000000002], 1, [0, 237, 40, 255]], ['ElasticTimoshenkoBeam', 52, [57, 21], 6.9600000000000009, 39000000.0, 15000000.0, 17.66433103448276, 37.695199999999993, 6.5762000000000009, 18, 174.00000000000003, 24.220800000000008, 8.6502857142857152, [[0.0, 0.0, 1.0], [0.54339173063190604, -0.83947925947033508, 0.0], [0.83947925947033508, 0.54339173063190604, 0.0]], ['rectangularHollow', 2.5, 7.0, 0.40000000000000002], 1, [0, 237, 40, 255]], ['ElasticTimoshenkoBeam', 53, [21, 58], 6.9600000000000009, 39000000.0, 15000000.0, 17.66433103448276, 37.695199999999993, 6.5762000000000009, 69, 174.00000000000003, 24.220800000000008, 8.6502857142857152, [[-1.9721522630525295e-31, 1.1832913578315177e-30, 1.0], [0.5299288894948071, -0.84804208154949501, 1.1079909120423783e-30], [0.84804208154949501, 0.5299288894948071, 0.0]], ['rectangularHollow', 2.5, 7.0, 0.40000000000000002], 1, [0, 237, 40, 255]], ['ElasticTimoshenkoBeam', 54, [58, 59], 6.9600000000000009, 39000000.0, 15000000.0, 17.66433103448276, 37.695199999999993, 6.5762000000000009, 68, 174.00000000000003, 24.220800000000008, 8.6502857142857152, [[-3.0088520907129784e-15, -1.7918708940143801e-15, 1.0], [0.5116709753617219, -0.85918147848541526, 7.8886090522101181e-30], [0.85918147848541526, 0.5116709753617219, 3.501998315905328e-15]], ['rectangularHollow', 2.5, 7.0, 0.40000000000000002], 1, [0, 237, 40, 255]], ['ElasticTimoshenkoBeam', 55, [59, 60], 6.9600000000000009, 39000000.0, 15000000.0, 17.66433103448276, 37.695199999999993, 6.5762000000000009, 81, 174.00000000000003, 24.220800000000008, 8.6502857142857152, [[2.1709111609156253e-30, -3.8986035017385338e-30, 1.0], [0.4865024104578804, -0.87367923439822703, -4.4622824352965362e-30], [0.87367923439822692, 0.48650241045788034, 0.0]], ['rectangularHollow', 2.5, 7.0, 0.40000000000000002], 1, [0, 237, 40, 255]], ['ElasticTimoshenkoBeam', 56, [60, 61], 6.9600000000000009, 39000000.0, 15000000.0, 17.66433103448276, 37.695199999999993, 6.5762000000000009, 38, 174.00000000000003, 24.220800000000008, 8.6502857142857152, [[-1.5955768796612212e-30, 3.1433833046633159e-30, 1.0], [0.45262590395855201, -0.89170050525145694, 3.5251559084592994e-30], [0.89170050525145717, 0.45262590395855212, 0.0]], ['rectangularHollow', 2.5, 7.0, 0.40000000000000002], 1, [0, 237, 40, 255]], ['ElasticTimoshenkoBeam', 57, [61, 62], 6.9600000000000009, 39000000.0, 15000000.0, 17.66433103448276, 37.695199999999993, 6.5762000000000009, 71, 174.00000000000003, 24.220800000000008, 8.6502857142857152, [[-3.1984817211207843e-15, -1.4270164895526858e-15, 1.0], [0.40744200762235694, -0.91323108270834896, -2.5637979419682884e-30], [0.91323108270834896, 0.40744200762235694, 3.5023793886155515e-15]], ['rectangularHollow', 2.5, 7.0, 0.40000000000000002], 1, [0, 237, 40, 255]], ['ElasticTimoshenkoBeam', 58, [62, 63], 6.9600000000000009, 39000000.0, 15000000.0, 17.66433103448276, 37.695199999999993, 6.5762000000000009, 5, 174.00000000000003, 24.220800000000008, 8.6502857142857152, [[5.5899457684168242e-32, -1.5094208760789378e-31, 1.0], [0.34728693431383395, -0.93775891638250952, -1.6096043980063295e-31], [0.93775891638250974, 0.34728693431383401, 0.0]], ['rectangularHollow', 2.5, 7.0, 0.40000000000000002], 1, [0, 237, 40, 255]], ['ElasticTimoshenkoBeam', 59, [63, 64], 6.9600000000000009, 39000000.0, 15000000.0, 17.66433103448276, 37.695199999999993, 6.5762000000000009, 65, 174.00000000000003, 24.220800000000008, 8.6502857142857152, [[-3.7572160124485368e-31, 1.3528079420529113e-30, 1.0], [0.26760525960456671, -0.96352863218068019, 1.404014262649575e-30], [0.96352863218068019, 0.26760525960456671, 0.0]], ['rectangularHollow', 2.5, 7.0, 0.40000000000000002], 1, [0, 237, 40, 255]], ['ElasticTimoshenkoBeam', 60, [64, 65], 6.9600000000000009, 39000000.0, 15000000.0, 17.66433103448276, 37.695199999999993, 6.5762000000000009, 15, 174.00000000000003, 24.220800000000008, 8.6502857142857152, [[3.4511540012316376e-15, 6.0277706544577035e-16, 1.0], [0.1720549317439759, -0.98508735676719339, 7.8886090522101198e-31], [0.98508735676719328, 0.17205493174397588, -3.5033989397219028e-15]], ['rectangularHollow', 2.5, 7.0, 0.40000000000000002], 1, [0, 237, 40, 255]], ['ElasticTimoshenkoBeam', 61, [65, 66], 6.9600000000000009, 39000000.0, 15000000.0, 17.66433103448276, 37.695199999999993, 6.5762000000000009, 88, 174.00000000000003, 24.220800000000008, 8.6502857142857152, [[-3.4948388688565777e-15, -2.4590485980908331e-16, 1.0], [0.070188755691732996, -0.99753372803852935, 4.9303806576313238e-32], [0.99753372803852935, 0.070188755691732996, 3.503479401873007e-15]], ['rectangularHollow', 2.5, 7.0, 0.40000000000000002], 1, [0, 237, 40, 255]], ['ElasticTimoshenkoBeam', 62, [66, 67], 6.9600000000000009, 39000000.0, 15000000.0, 17.66433103448276, 37.695199999999993, 6.5762000000000009, 75, 174.00000000000003, 24.220800000000008, 8.6502857142857152, [[-3.501509496747607e-15, 1.1653565330109814e-16, 1.0], [-0.033263130074569797, -0.99944662897907766, 0.0], [0.99944662897907754, -0.03326313007456979